$ANSIBLE_VAULT;1.1;AES256
33613865633963306133373735663834333134623666313839366634323634316362653262613762
3466303566366662623066343933313434633637363561660a396334323434303533373962633030
39316566663062333833396134316261613935353936633363653965633662616232636166333131
3761343764363264640a393138376138626463613665646663386131653539376130333434333139
38666564316435333265316236363164353133353034353639343566646564313733613165613964
66363463623664353466356637626663643665376130303338393137663234636631386263323166
39393162333233353135656666353764383534653635353464626134346239353833636435633239
64646230313665656136613638343231656531643066613531343334613135386139373963623432
63313661643065623834313663376531353738636366353536373631333861626263306332373339
61396564653337313536383536333732393163383466663331636632643663613465383936366162
34363039373031653339656262653035333061656238383131623730663634356664303532623633
33643831656362656537
